n_keypoints = [ 1 10 20 30 40 50 60 70 80 90 100 200 300 400 500 600 700 800 900 1000 1100 1200 1300 1400 1500 1600 1700 1800 1900 2000 3000 4000 5000 ];

time_cpu_create_copied = [ 0.005833, 0.001, 0.001083, 0.01525, 0.001, 0.000583, 0.000917, 0.001083, 0.000834, 0.000917, 0.000916, 0.000917, 0.001, 0.000916, 0.001083, 0.001334, 0.001167, 0.001167, 0.001333, 0.003167, 0.00125, 0.0025, 0.002167, 0.002167, 0.003167, 0.002083, 0.002167, 0.002083, 0.002084, 0.002167, 0.018834, 0.002166, 0.002084, ];

time_cpu_process_copied = [ 0.150492, 1.25878, 2.48083, 3.67579, 4.92347, 6.12085, 7.32343, 8.56063, 9.73794, 10.9247, 12.1506, 24.182, 38.3266, 51.3814, 67.1226, 87.129, 100.393, 115.914, 138.617, 155.181, 178.473, 190.932, 217.488, 226.717, 250.523, 261.074, 262.129, 303.605, 281.001, 296.596, 460.999, 562.631, 719.58, ];

time_gpu_create_copied = [ 2430.44, 2390.55, 2373.15, 2468.41, 2425.57, 2460.84, 2448.6, 2425.92, 2398.27, 2447, 2373.08, 2395.95, 2393.82, 2405.34, 2470.87, 2475.61, 2474.3, 2495.51, 2510.54, 2769.18, 2755, 2761.92, 2766.57, 2765.37, 2798.18, 2731.98, 2805.42, 2727.97, 2761.4, 2696.24, 2793.8, 2747.79, 2723.64, ];

time_gpu_process_copied = [ 6.98023, 8.06977, 7.2401, 7.27114, 7.32643, 7.73517, 7.58021, 7.71291, 8.14412, 8.24909, 7.94053, 10.5843, 14.6165, 19.4655, 20.8247, 26.8606, 27.4583, 31.4817, 37.1932, 37.5975, 41.1058, 48.8406, 54.2803, 55.2425, 55.6632, 59.0344, 59.96, 59.7974, 59.8315, 61.6952, 94.1168, 116.659, 134.669, ];

time_cpu_create_mapped = [ 0.001166, 0.001083, 0.001, 0.001, 0.00125, 0.001083, 0.001, 0.001, 0.001083, 0.001167, 0.001167, 0.001, 0.001166, 0.001084, 0.00125, 0.001333, 0.00125, 0.00125, 0.002166, 0.0035, 0.00275, 0.002166, 0.003167, 0.002667, 0.002667, 0.00375, 0.00225, 0.002667, 0.00225, 0.002667, 0.002583, 0.003084, 0.002834, ];

time_cpu_process_mapped = [ 0.150883, 1.25711, 2.48417, 3.69702, 4.88927, 6.13709, 7.31767, 8.5498, 9.73846, 10.9358, 12.1599, 24.214, 37.0789, 51.7978, 65.1416, 83.2772, 94.4554, 112.898, 132.813, 146.73, 170.009, 206.633, 239.642, 227.284, 248.503, 243.655, 267.68, 267.782, 280.644, 295.562, 430.86, 565.759, 700.75, ];

time_gpu_create_mapped = [ 2446.1, 2382.33, 2376.94, 2452.38, 2405.01, 2421.43, 2462.97, 2382.72, 2387.45, 2407.44, 2416.33, 2440.1, 2424.55, 2491.45, 2469.45, 2524.1, 2505.17, 2478.96, 2755.5, 2741.35, 2764.05, 2791.62, 2752.59, 2737.07, 2787.87, 2709.97, 2753.66, 2721.79, 2770.65, 2751.67, 2759.99, 2724.59, 2728.81, ];

time_gpu_process_mapped = [ 5.52468, 5.70318, 5.78984, 5.81991, 6.05016, 5.78682, 6.346, 6.43733, 6.35245, 6.42479, 6.50235, 9.20219, 13.0017, 18.1311, 19.6814, 25.0984, 25.8381, 29.8576, 35.4275, 37.3728, 40.4285, 48.7087, 53.7264, 54.0902, 54.8235, 58.559, 59.6733, 59.3956, 61.0193, 61.4908, 95.8284, 121.12, 140.421, ];

