n_keypoints = [ 1 10 20 30 40 50 60 70 80 90 100 200 300 400 500 600 700 800 900 1000 1100 1200 1300 1400 1500 1600 1700 1800 1900 2000 3000 4000 5000 ];

time_cpu_create_const_copied = [ 0.017417, 0.000917, 0.000916, 0.001, 0.001084, 0.001083, 0.001083, 0.001083, 0.000916, 0.001166, 0.001, 0.001, 0.001, 0.001083, 0.00125, 0.001084, 0.00125, 0.001333, 0.00125, 0.001584, 0.001916, 0.0025, 0.002334, 0.001667, 0.001583, 0.003166, 0.002166, 0.003833, 0.001833, 0.0025, 0.002166, 0.001667, 0.0015, ];

time_cpu_process_const_copied = [ 0.141975, 1.24271, 2.42889, 3.60309, 4.82194, 6.05308, 7.32551, 8.40285, 9.58622, 10.9432, 11.9719, 24.5109, 36.7107, 53.1984, 65.4879, 83.8892, 94.1342, 112.481, 132.879, 150.049, 177.612, 198.636, 225.856, 217.053, 238.245, 275.996, 265.15, 263.564, 299.036, 283.752, 421.396, 565.699, 695.646, ];

time_gpu_create_const_copied = [ 2597.27, 2409.98, 2442.64, 2459.98, 2442.39, 2453.3, 2452.32, 2459.46, 2407.99, 2409.04, 2423.93, 2383.1, 2400.2, 2436.95, 2526.58, 2447.51, 2499.23, 2443.23, 2452.48, 2753.15, 2742.08, 2770.36, 2746.23, 2829.28, 2749.65, 2782.42, 2745.05, 2709.5, 2759.53, 2736.4, 2733.07, 2744.5, 2719.51, ];

time_gpu_process_const_copied = [ 8.10688, 8.64064, 8.39347, 8.61987, 8.47296, 8.55818, 8.70487, 8.83963, 8.97561, 9.10145, 8.81842, 12.2535, 16.0831, 21.0487, 21.9987, 28.0863, 28.5402, 32.5597, 38.1066, 38.2562, 42.9238, 49.8564, 54.6771, 55.5775, 56.3235, 60.7188, 61.9358, 61.8473, 61.9787, 61.6568, 95.4327, 116.685, 136.32, ];

time_cpu_create_const_mapped = [ 0.001167, 0.001083, 0.001, 0.000834, 0.001, 0.001083, 0.001083, 0.000916, 0.000833, 0.001083, 0.001, 0.001, 0.001166, 0.00125, 0.001167, 0.002, 0.001333, 0.00125, 0.0025, 0.0025, 0.002667, 0.00225, 0.002666, 0.00275, 0.003917, 0.00325, 0.002417, 0.001833, 0.001583, 0.00225, 0.002917, 0.00325, 0.002167, ];

time_cpu_process_const_mapped = [ 0.1478, 1.23788, 2.43828, 3.66235, 4.82746, 6.01356, 7.22016, 8.41652, 9.56495, 10.8127, 11.9544, 23.9203, 36.1857, 52.7388, 64.8393, 80.7595, 96.5489, 112.968, 138.054, 141.786, 170.776, 196.022, 229.946, 241.155, 253.267, 240.817, 270.887, 269.205, 278.014, 291.151, 448.364, 567.376, 722.741, ];

time_gpu_create_const_mapped = [ 2457.84, 2430.6, 2444.44, 2468, 2478.12, 2474.29, 2475.84, 2412.84, 2414.64, 2409.2, 2394.99, 2450.34, 2447.76, 2443.33, 2465.3, 2478.15, 2474.2, 2475.69, 2721.96, 2801.63, 2776.89, 2766.06, 2800.4, 2719.56, 2781.89, 2800.71, 2725.35, 2693, 2746.8, 2741.73, 2761.45, 2745.14, 2756.25, ];

time_gpu_process_const_mapped = [ 6.61084, 6.80398, 6.92081, 7.18539, 6.75376, 7.11272, 7.25586, 7.40522, 7.94267, 7.52984, 7.92973, 10.3534, 13.578, 19.0045, 20.5807, 25.9404, 26.9414, 30.952, 36.5406, 38.4987, 41.3527, 48.891, 55.1882, 55.4541, 58.5595, 60.3727, 61.8207, 61.9551, 62.7017, 63.5478, 98.2576, 123.666, 143.374, ];

