x_1 = [ [880, 114]' ...
[547, 688]' ...
[571, 668]' ...
[674, 667]' ...
[573, 663]' ...
[587, 657]' ...
[642, 579]' ...
[1036, 555]' ...
[1036, 214]' ...
[1147, 508]' ...
[1202, 470]' ...
[1248, 453]' ...
[1031, 214]' ...
[1044, 445]' ...
[1166, 436]' ...
[1166, 434]' ...
[1159, 433]' ...
[217, 426]' ...
[1162, 425]' ...
[445, 395]' ...
[213, 387]' ...
[1027, 213]' ...
[1185, 377]' ...
[350, 376]' ...
[367, 374]' ...
[331, 371]' ...
[442, 362]' ...
[429, 360]' ...
[763, 84]' ...
[454, 608]' ...
[1034, 304]' ...
[1248, 302]' ...
[654, 79]' ...
[1154, 290]' ...
[772, 81]' ...
[1148, 289]' ...
[950, 268]' ...
[1054, 231]' ...
[1034, 216]' ...
[914, 95]' ...
[888, 95]' ...
[764, 52]' ...
[641, 567]' ...
[766, 52]' ...
[394, 544]' ...
[913, 93]' ...
[392, 543]' ...
[392, 540]' ...
[1208, 380]' ...
[1146, 376]' ...
[1179, 381]' ...
[649, 67]' ...
[917, 267]' ...
[869, 147]' ...
[340, 375]' ...
[1197, 517]' ...
[773, 53]' ...
[1197, 496]' ...
[935, 286]' ...
[1071, 65]' ...
[1142, 372]' ...
[1244, 135]' ...
[161, 291]' ...
[340, 371]' ...
[1047, 291]' ...
[346, 388]' ...
[1043, 295]' ...
[1049, 367]' ...
[1046, 295]' ...
[955, 102]' ...
[1215, 298]' ...
[1224, 299]' ...
[1227, 299]' ...
[1045, 300]' ...
[955, 104]' ...
[830, 125]' ...
[1052, 303]' ...
[1032, 306]' ...
[970, 121]' ...
[216, 424]' ...
[1144, 357]' ...
[1241, 313]' ...
[1241, 456]' ...
[952, 108]' ...
[955, 108]' ...
[1045, 425]' ...
[1146, 351]' ...
[940, 109]' ...
[618, 345]' ...
[1212, 452]' ...
[1071, 59]' ...
[966, 118]' ...
[1246, 447]' ...
[1156, 670]' ...
[970, 116]' ...
[1241, 443]' ...
[1031, 440]' ...
[816, 436]' ...
[942, 112]' ...
[940, 112]' ...
[1231, 384]' ...
[1029, 441]' ...
[895, 273]' ...
[1195, 518]' ...
[1222, 448]' ...
[831, 117]' ...
[1145, 392]' ...
[1208, 354]' ...
[981, 87]' ...
[1030.8, 440.4]' ...
[1144.8, 356.4]' ...
[441.6, 362.4]' ...
[1226.4, 298.8]' ...
[331.2, 370.8]' ...
[339.6, 370.8]' ...
[1048.8, 366]' ...
[339.6, 374.4]' ...
[772.8, 52.8]' ...
[951.6, 108]' ...
[980.4, 84]' ...
[211.2, 386.4]' ...
[960, 103.2]' ...
[211.2, 388.8]' ...
[970.8, 116.4]' ...
[766.8, 51.6]' ...
[1070.4, 60]' ...
[1032, 306]' ...
[1146, 375.6]' ...
[1034.4, 303.6]' ...
[1051.2, 302.4]' ...
[936, 301.2]' ...
[880.8, 115.2]' ...
[1045.2, 424.8]' ...
[213.6, 426]' ...
[217.2, 426]' ...
[1154.4, 504]' ...
[1155.6, 289.2]' ...
[1159.2, 433.2]' ...
[1148.4, 286.8]' ...
[654, 78]' ...
[674.4, 667.2]' ...
[772.8, 79.2]' ...
[1166.4, 435.6]' ...
[571.2, 667.2]' ...
[1176, 380.4]' ...
[763.2, 84]' ...
[1044, 445.2]' ...
[1179.6, 381.6]' ...
[949.2, 267.6]' ...
[1047.6, 291.6]' ...
[1215.6, 298.8]' ...
[1147.2, 506.4]' ...
[889.2, 94.8]' ...
[913.2, 94.8]' ...
[1034.4, 216]' ...
[1035.6, 213.6]' ...
[1224, 298.8]' ...
[868.8, 146.4]' ...
[640.8, 566.4]' ...
[1045.2, 418.8]' ...
[1070.4, 66]' ...
[955.2, 102]' ...
[588, 656.4]' ...
[1053.6, 308.4]' ...
[970.8, 121.2]' ...
[1239.6, 313.2]' ...
[915.6, 99.6]' ...
[1196.4, 496.8]' ...
[1218, 457.2]' ...
[1172.4, 259.2]' ...
[618, 344.4]' ...
[1027.2, 212.4]' ...
[649.2, 66]' ...
[1228.8, 136.8]' ...
[830.4, 124.8]' ...
[1240.8, 456]' ...
[172.8, 306]' ...
[1036.8, 554.4]' ...
[444, 394.8]' ...
[1176, 496.8]' ...
[1201.2, 470.4]' ...
[764.4, 51.6]' ...
[1212, 464.4]' ...
[1030.8, 214.8]' ...
[936, 286.8]' ...
[1060.8, 58.8]' ...
[816, 435.6]' ...
[1242, 442.8]' ...
[1152, 258]' ...
[1231.2, 382.8]' ...
[1226.4, 133.2]' ...
[1030.8, 444]' ...
[642, 579.6]' ...
[1144.8, 392.4]' ...
[566.4, 670.8]' ...
[1034.4, 558]' ...
[1185.6, 376.8]' ...
[1028.4, 441.6]' ...
[940.8, 111.6]' ...
[936, 299.52]' ...
[1179.36, 380.16]' ...
[1147.68, 505.44]' ...
[1153.44, 504]' ...
[339.84, 372.96]' ...
[1032.48, 306.72]' ...
[966.24, 119.52]' ...
[1033.92, 303.84]' ...
[1051.2, 300.96]' ...
[1069.92, 59.04]' ...
[1212.48, 453.6]' ...
[1042.56, 292.32]' ...
[956.16, 108]' ...
[970.56, 116.64]' ...
[1069.92, 66.24]' ...
[1046.88, 290.88]' ...
[1164.96, 434.88]' ...
[571.68, 666.72]' ...
[954.72, 102.24]' ...
[1215.36, 298.08]' ...
[653.76, 77.76]' ...
[1045.44, 298.08]' ...
[771.84, 80.64]' ...
[1159.2, 433.44]' ...
[210.24, 388.8]' ...
[1154.88, 288]' ...
[1044, 424.8]' ...
[1144.8, 355.68]' ...
[912.96, 95.04]' ...
[888.48, 93.6]' ...
[1149.12, 288]' ...
[984.96, 89.28]' ...
[1028.16, 210.24]' ...
[869.76, 146.88]' ...
[764.64, 50.4]' ...
[1035.36, 214.56]' ...
[980.64, 84.96]' ...
[1231.2, 296.64]' ...
[1185.12, 375.84]' ...
[216, 424.8]' ...
[587.52, 656.64]' ...
[763.2, 83.52]' ...
[972, 295.2]' ...
[1228.32, 136.8]' ...
[1146.24, 375.84]' ...
[914.4, 99.36]' ...
[1228.32, 133.92]' ...
[640.8, 565.92]' ...
[162.72, 290.88]' ...
[1052.64, 309.6]' ...
[771.84, 53.28]' ...
[571.68, 662.4]' ...
[1196.64, 496.8]' ...
[970.56, 120.96]' ...
[331.2, 371.52]' ...
[675.36, 666.72]' ...
[813.6, 436.32]' ...
[1054.08, 233.28]' ...
[1048.32, 367.2]' ...
[1211.04, 463.68]' ...
[649.44, 66.24]' ...
[879.84, 115.2]' ...
[1157.76, 259.2]' ...
[1222.56, 298.08]' ...
[1206.72, 459.36]' ...
[1152, 257.76]' ...
[1044, 444.96]' ...
[1216.8, 457.92]' ...
[1156.32, 669.6]' ...
[1226.88, 299.52]' ...
[1061.28, 57.6]' ...
[1141.92, 371.52]' ...
[1038.24, 429.12]' ...
[1195.2, 489.6]' ...
[1144.8, 393.12]' ...
[210.816, 388.8]' ...
[772.416, 53.568]' ...
[570.24, 663.552]' ...
[1152.58, 259.2]' ...
[1175.04, 378.432]' ...
[1157.76, 259.2]' ...
[1171.58, 259.2]' ...
[338.688, 371.52]' ...
[1069.63, 60.48]' ...
[1140.48, 359.424]' ...
[331.776, 371.52]' ...
[1069.63, 65.664]' ...
[639.36, 566.784]' ...
[1067.9, 100.224]' ...
[1159.49, 433.728]' ...
[1145.66, 374.976]' ...
[879.552, 117.504]' ...
[1166.4, 437.184]' ...
[1045.44, 298.944]' ...
[653.184, 77.76]' ...
[656.64, 79.488]' ...
[770.688, 79.488]' ...
[936.576, 288.576]' ...
[1152.58, 288.576]' ...
[164.16, 290.304]' ...
[981.504, 84.672]' ...
[914.112, 98.496]' ...
[1045.44, 423.36]' ...
[1043.71, 445.824]' ...
[1180.22, 380.16]' ...
[1047.17, 292.032]' ...
[889.92, 95.04]' ...
[912.384, 95.04]' ...
[1142.21, 347.328]' ...
[1211.33, 454.464]' ...
[972.864, 295.488]' ...
[1149.12, 506.304]' ...
[1221.7, 297.216]' ...
[936.576, 298.944]' ...
[1045.44, 419.904]' ...
[1154.3, 504.576]' ...
[1216.51, 298.944]' ...
[1050.62, 300.672]' ...
[1048.9, 368.064]' ...
[1138.75, 385.344]' ...
[964.224, 119.232]' ...
[971.136, 117.504]' ...
[1031.62, 307.584]' ...
[1052.35, 309.312]' ...
[957.312, 103.68]' ...
[870.912, 145.152]' ...
[1138.75, 374.976]' ...
[1143.94, 354.24]' ...
[1211.33, 463.104]' ...
[1207.87, 459.648]' ...
[1216.51, 457.92]' ...
[1185.41, 376.704]' ...
[1033.34, 302.4]' ...
[1060.99, 57.024]' ...
[941.76, 297.216]' ...
[831.168, 122.688]' ...
[984.96, 89.856]' ...
[1066.18, 114.048]' ...
[765.159, 145.152]' ...
[1063.76, 111.974]' ...
[1173.66, 377.395]' ...
[1067.9, 66.3552]' ...
[340.07, 379.469]' ...
[1043.02, 445.824]' ...
[1140.48, 358.733]' ...
[970.445, 296.525]' ...
[1150.85, 286.157]' ...
[653.184, 76.7232]' ...
[769.306, 78.7968]' ...
[1043.02, 420.941]' ...
[870.912, 145.152]' ...
[1140.48, 385.69]' ...
[763.085, 82.944]' ...
[980.813, 82.944]' ...
[1051.32, 308.966]' ...
[970.445, 327.629]' ...
[1047.17, 367.027]' ...
[1155, 259.2]' ...
[889.575, 93.312]' ...
[1169.51, 259.2]' ...
[964.224, 120.269]' ...
[1208.91, 460.339]' ...
[1210.98, 454.118]' ...
[970.445, 118.195]' ...
[1148.77, 503.885]' ...
[935.194, 288.23]' ...
[1161.22, 433.382]' ...
[1179.88, 379.469]' ...
[1065.83, 97.4592]' ...
[935.194, 298.598]' ...
[939.341, 290.304]' ...
[1163.29, 437.53]' ...
[1152.92, 503.885]' ...
[1045.09, 290.304]' ...
[1065.83, 101.606]' ...
[955.93, 101.606]' ...
[1142.55, 352.512]' ...
[1128.04, 147.226]' ...
[1032.65, 308.966]' ...
[984.96, 89.1648]' ...
[910.311, 93.312]' ...
[1144.63, 373.248]' ...
[879.207, 118.195]' ...
[812.851, 435.456]' ...
[1140.48, 346.291]' ...
[964.224, 97.4592]' ...
[1034.73, 454.118]' ...
[163.814, 288.23]' ...
[638.669, 566.093]' ...
[1138.41, 373.248]' ...
[938.097, 296.11]' ...
[651.94, 77.1379]' ...
[768.891, 79.6263]' ...
[980.398, 79.6263]' ...
[1050.07, 308.552]' ...
